4

1 2 3 4 5 6 7 8 9 10 11 12 13 14 15 16 17 18 19 20 21 22 23 24
GH1111 01:01:12:00 enter 1200
GH1111 01:01:12:30 exit 1250
IJ2233 01:01:08:00 enter 1000
IJ2233 01:01:08:30 exit 1050

1 2 3 4 5 6 7 8 9 10 11 12 13 14 15 16 17 18 19 20 21 22 23 24
AB1234 01:01:02:00 enter 600
AB1234 01:01:02:30 exit 650

5 5 5 5 5 5 5 5 5 5 5 5 5 5 5 5 5 5 5 5 5 5 5 5
LM9876 01:01:09:00 exit 2000
LM9876 01:01:10:00 exit 2100
LM9876 01:02:09:00 enter 2000
LM9876 01:02:10:00 exit 2100

1 2 3 4 5 6 7 8 9 10 11 12 13 14 15 16 17 18 19 20 21 22 23 24
XY5678 01:01:04:00 enter 1200
LM9876 01:01:05:00 exit 1500
LM9876 01:01:06:30 enter 2000
XY5678 01:01:07:00 exit 1400
